eval_loss: 0.19933819770812988
eval_f1: 0.6861702127659575
eval_precision: 0.6707105719237435
eval_recall: 0.7023593466424682
eval_runtime: 4.209
eval_samples_per_second: 142.553
eval_steps_per_second: 17.819
epoch: 8.0